0.000000	0.048494
0.048494	0.096988
0.096988	0.145482
0.145482	0.193975
0.193975	0.242469
0.242469	0.290963
0.290963	0.339457
0.339457	0.387951
0.387951	0.436445
0.436445	0.484938
0.484938	0.533432
0.533432	0.581926
0.581926	0.630420
0.630420	0.678914
0.678914	0.727408
0.727408	0.775901
0.775901	0.824395
0.824395	0.872889
0.872889	0.921383
0.921383	0.969877
0.969877	1.018371
1.018371	1.066865
1.066865	1.115358
1.115358	1.163852
1.163852	1.212346
1.212346	1.260840
1.260840	1.309334
1.309334	1.357828
1.357828	1.406321
1.406321	1.454815
1.454815	1.503309
1.503309	1.551803
1.551803	1.600297
1.600297	1.648791
1.648791	1.697284
1.697284	1.745778
1.745778	1.794272
1.794272	1.842766
1.842766	1.891260
1.891260	1.939754
1.939754	1.988247
1.988247	2.036741
2.036741	2.085235
2.085235	2.133729
2.133729	2.182223
2.182223	2.230717
2.230717	2.279211
2.279211	2.327704
2.327704	2.376198
2.376198	2.424692
2.424692	2.473186
2.473186	2.521680
2.521680	2.570174
2.570174	2.618667
2.618667	2.667161
2.667161	2.715655
2.715655	2.764149
2.764149	2.812643
2.812643	2.861137
2.861137	2.909630
2.909630	2.958124
2.958124	3.006618
3.006618	3.055112
3.055112	3.103606
3.103606	3.152100
3.152100	3.200594
3.200594	3.249087
3.249087	3.297581
3.297581	3.346075
3.346075	3.394569
3.394569	3.443063
3.443063	3.491557
3.491557	3.540050
3.540050	3.588544
3.588544	3.637038
3.637038	3.685532
3.685532	3.734026
3.734026	3.782520
3.782520	3.831013
3.831013	3.879507
3.879507	3.928001
3.928001	3.976495
3.976495	4.024989
4.024989	4.073483
4.073483	4.121976
4.121976	4.170470
4.170470	4.218964
4.218964	4.267458
4.267458	4.315952
4.315952	4.364446
4.364446	4.412940
4.412940	4.461433
4.461433	4.509927
4.509927	4.558421
4.558421	4.606915
4.606915	4.655409
4.655409	4.703903
4.703903	4.752396
4.752396	4.800890
4.800890	4.849384
4.849384	4.897878
4.897878	4.946372
4.946372	4.994866
4.994866	5.043359
5.043359	5.091853
5.091853	5.140347
5.140347	5.188841
5.188841	5.237335
5.237335	5.285829
5.285829	5.334323
5.334323	5.382816
5.382816	5.431310
5.431310	5.479804
5.479804	5.528298
5.528298	5.576792
5.576792	5.625286
5.625286	5.673779
5.673779	5.722273
5.722273	5.770767
5.770767	5.819261
5.819261	5.867755
5.867755	5.916249
5.916249	5.964742
5.964742	6.013236
6.013236	6.061730
6.061730	6.110224
6.110224	6.158718
6.158718	6.207212
6.207212	6.255705
6.255705	6.304199
6.304199	6.352693
6.352693	6.401187
6.401187	6.449681
6.449681	6.498175
6.498175	6.546669
6.546669	6.595162
6.595162	6.643656
6.643656	6.692150
6.692150	6.740644
6.740644	6.789138
6.789138	6.837632
6.837632	6.886125
6.886125	6.934619
6.934619	6.983113
6.983113	7.031607
7.031607	7.080101
7.080101	7.128595
7.128595	7.177088
7.177088	7.225582
7.225582	7.274076
7.274076	7.322570
7.322570	7.371064
7.371064	7.419558
7.419558	7.468052
7.468052	7.516545
7.516545	7.565039
7.565039	7.613533
7.613533	7.662027
7.662027	7.710521
7.710521	7.759015
7.759015	7.807508
7.807508	7.856002
7.856002	7.904496
7.904496	7.952990
7.952990	8.001484
8.001484	8.049978
8.049978	8.098471
8.098471	8.146965
8.146965	8.195459
8.195459	8.243953
8.243953	8.292447
8.292447	8.340941
8.340941	8.389434
8.389434	8.437928
8.437928	8.486422
8.486422	8.534916
8.534916	8.583410
8.583410	8.631904
8.631904	8.680398
8.680398	8.728891
8.728891	8.777385
8.777385	8.825879
8.825879	8.874373
8.874373	8.922867
8.922867	8.971361
8.971361	9.019854
9.019854	9.068348
9.068348	9.116842
9.116842	9.165336
9.165336	9.213830
9.213830	9.262324
9.262324	9.310817
9.310817	9.359311
9.359311	9.407805
9.407805	9.456299
9.456299	9.504793
9.504793	9.553287
9.553287	9.601781
9.601781	9.650274
9.650274	9.698768
9.698768	9.747262
9.747262	9.795756
9.795756	9.844250
9.844250	9.892744
9.892744	9.941237
9.941237	9.989731
9.989731	10.038225
10.038225	10.086719
10.086719	10.135213
10.135213	10.183707
10.183707	10.232200
10.232200	10.280694
10.280694	10.329188
10.329188	10.377682
10.377682	10.426176
10.426176	10.474670
10.474670	10.523163
10.523163	10.571657
10.571657	10.620151
10.620151	10.668645
10.668645	10.717139
10.717139	10.765633
10.765633	10.814127
10.814127	10.862620
10.862620	10.911114
10.911114	10.959608
10.959608	11.008102
11.008102	11.056596
11.056596	11.105090
11.105090	11.153583
11.153583	11.202077
11.202077	11.250571
11.250571	11.299065
11.299065	11.347559
11.347559	11.396053
11.396053	11.444546
11.444546	11.493040
11.493040	11.541534
11.541534	11.590028
11.590028	11.638522
11.638522	11.687016
11.687016	11.735510
11.735510	11.784003
11.784003	11.832497
11.832497	11.880991
11.880991	11.929485
11.929485	11.977979
11.977979	12.026473
12.026473	12.074966
12.074966	12.123460
12.123460	12.171954
12.171954	12.220448
12.220448	12.268942
12.268942	12.317436
12.317436	12.365929
12.365929	12.414423
12.414423	12.462917
12.462917	12.511411
12.511411	12.559905
12.559905	12.608399
12.608399	12.656893
12.656893	12.705386
12.705386	12.753880
12.753880	12.802374
12.802374	12.850868
12.850868	12.899362
12.899362	12.947856
12.947856	12.996349
12.996349	13.044843
13.044843	13.093337
13.093337	13.141831
13.141831	13.190325
13.190325	13.238819
13.238819	13.287312
13.287312	13.335806
13.335806	13.384300
13.384300	13.432794
13.432794	13.481288
13.481288	13.529782
13.529782	13.578275
13.578275	13.626769
13.626769	13.675263
13.675263	13.723757
13.723757	13.772251
13.772251	13.820745
13.820745	13.869239
13.869239	13.917732
13.917732	13.966226
13.966226	14.014720
14.014720	14.063214
14.063214	14.111708
14.111708	14.160202
14.160202	14.208695
14.208695	14.257189
14.257189	14.305683
14.305683	14.354177
14.354177	14.402671
14.402671	14.451165
14.451165	14.499658
14.499658	14.548152
14.548152	14.596646
14.596646	14.645140
14.645140	14.693634
14.693634	14.742128
14.742128	14.790622
14.790622	14.839115
14.839115	14.887609
14.887609	14.936103
14.936103	14.984597
14.984597	15.033091
15.033091	15.081585
15.081585	15.130078
15.130078	15.178572
15.178572	15.227066
15.227066	15.275560
15.275560	15.324054
15.324054	15.372548
15.372548	15.421041
15.421041	15.469535
15.469535	15.518029
15.518029	15.566523
15.566523	15.615017
15.615017	15.663511
15.663511	15.712004
15.712004	15.760498
15.760498	15.808992
15.808992	15.857486
15.857486	15.905980
15.905980	15.954474
15.954474	16.002968
16.002968	16.051461
16.051461	16.099955
16.099955	16.148449
16.148449	16.196943
16.196943	16.245437
16.245437	16.293931
16.293931	16.342424
16.342424	16.390918
16.390918	16.439412
16.439412	16.487906
16.487906	16.536400
16.536400	16.584894
16.584894	16.633387
16.633387	16.681881
16.681881	16.730375
16.730375	16.778869
16.778869	16.827363
16.827363	16.875857
16.875857	16.924351
16.924351	16.972844
16.972844	17.021338
17.021338	17.069832
17.069832	17.118326
17.118326	17.166820
17.166820	17.215314
17.215314	17.263807
17.263807	17.312301
17.312301	17.360795
17.360795	17.409289
17.409289	17.457783
17.457783	17.506277
17.506277	17.554770
17.554770	17.603264
17.603264	17.651758
17.651758	17.700252
17.700252	17.748746
17.748746	17.797240
17.797240	17.845733
17.845733	17.894227
17.894227	17.942721
17.942721	17.991215
17.991215	18.039709
18.039709	18.088203
18.088203	18.136697
18.136697	18.185190
18.185190	18.233684
18.233684	18.282178
18.282178	18.330672
18.330672	18.379166
18.379166	18.427660
18.427660	18.476153
18.476153	18.524647
18.524647	18.573141
18.573141	18.621635
18.621635	18.670129
18.670129	18.718623
18.718623	18.767116
18.767116	18.815610
18.815610	18.864104
18.864104	18.912598
18.912598	18.961092
18.961092	19.009586
19.009586	19.058080
19.058080	19.106573
19.106573	19.155067
19.155067	19.203561
19.203561	19.252055
19.252055	19.300549
19.300549	19.349043
19.349043	19.397536
19.397536	19.446030
19.446030	19.494524
19.494524	19.543018
19.543018	19.591512
19.591512	19.640006
19.640006	19.688499
19.688499	19.736993
19.736993	19.785487
19.785487	19.833981
19.833981	19.882475
19.882475	19.930969
19.930969	19.979462
19.979462	20.027956
20.027956	20.076450
20.076450	20.124944
20.124944	20.173438
20.173438	20.221932
20.221932	20.270426
20.270426	20.318919
20.318919	20.367413
20.367413	20.415907
20.415907	20.464401
20.464401	20.512895
20.512895	20.561389
20.561389	20.609882
20.609882	20.658376
20.658376	20.706870
20.706870	20.755364
20.755364	20.803858
20.803858	20.852352
20.852352	20.900845
20.900845	20.949339
20.949339	20.997833
20.997833	21.046327
21.046327	21.094821
21.094821	21.143315
21.143315	21.191809
21.191809	21.240302
21.240302	21.288796
21.288796	21.337290
21.337290	21.385784
21.385784	21.434278
21.434278	21.482772
21.482772	21.531265
21.531265	21.579759
21.579759	21.628253
21.628253	21.676747
21.676747	21.725241
21.725241	21.773735
21.773735	21.822228
21.822228	21.870722
21.870722	21.919216
21.919216	21.967710
21.967710	22.016204
22.016204	22.064698
22.064698	22.113191
22.113191	22.161685
22.161685	22.210179
22.210179	22.258673
22.258673	22.307167
22.307167	22.355661
22.355661	22.404155
22.404155	22.452648
22.452648	22.501142
22.501142	22.549636
22.549636	22.598130
22.598130	22.646624
22.646624	22.695118
22.695118	22.743611
22.743611	22.792105
22.792105	22.840599
22.840599	22.889093
22.889093	22.937587
22.937587	22.986081
22.986081	23.034574
23.034574	23.083068
23.083068	23.131562
23.131562	23.180056
23.180056	23.228550
23.228550	23.277044
23.277044	23.325538
23.325538	23.374031
23.374031	23.422525
23.422525	23.471019
23.471019	23.519513
23.519513	23.568007
23.568007	23.616501
23.616501	23.664994
23.664994	23.713488
23.713488	23.761982
23.761982	23.810476
23.810476	23.858970
23.858970	23.907464
23.907464	23.955957
23.955957	24.004451
24.004451	24.052945
24.052945	24.101439
24.101439	24.149933
24.149933	24.198427
24.198427	24.246921
24.246921	24.295414
24.295414	24.343908
24.343908	24.392402
24.392402	24.440896
24.440896	24.489390
24.489390	24.537884
24.537884	24.586377
24.586377	24.634871
24.634871	24.683365
24.683365	24.731859
24.731859	24.780353
24.780353	24.828847
