0.048682	0.096332
0.096332	0.143982
0.143982	0.191632
0.191632	0.239282
0.239282	0.286932
0.286932	0.334582
0.334582	0.382232
0.382232	0.429882
0.429882	0.477532
0.477532	0.525182
0.525182	0.572832
0.572832	0.620482
0.620482	0.668132
0.668132	0.715782
0.715782	0.763432
0.763432	0.811082
0.811082	0.858732
0.858732	0.906382
0.906382	0.954032
0.954032	1.001682
1.001682	1.049332
1.049332	1.096982
1.096982	1.144632
1.144632	1.192282
1.192282	1.239932
1.239932	1.287582
1.287582	1.335232
1.335232	1.382882
1.382882	1.430532
1.430532	1.478182
1.478182	1.525832
1.525832	1.573482
1.573482	1.621132
1.621132	1.668782
1.668782	1.716432
1.716432	1.764082
1.764082	1.811732
1.811732	1.859382
1.859382	1.907032
1.907032	1.954682
1.954682	2.002332
2.002332	2.049982
2.049982	2.097632
2.097632	2.145282
2.145282	2.192932
2.192932	2.240582
2.240582	2.288232
2.288232	2.335882
2.335882	2.383532
2.383532	2.431182
2.431182	2.478832
2.478832	2.526482
2.526482	2.574132
2.574132	2.621782
2.621782	2.669432
2.669432	2.717082
2.717082	2.764732
2.764732	2.812382
2.812382	2.860032
2.860032	2.907682
2.907682	2.955332
2.955332	3.002982
3.002982	3.050632
3.050632	3.098282
3.098282	3.145932
3.145932	3.193582
3.193582	3.241232
3.241232	3.288882
3.288882	3.336532
3.336532	3.384182
3.384182	3.431832
3.431832	3.479482
3.479482	3.527132
3.527132	3.574782
3.574782	3.622432
3.622432	3.670082
3.670082	3.717732
3.717732	3.765382
3.765382	3.813032
3.813032	3.860682
3.860682	3.908332
3.908332	3.955982
3.955982	4.003632
4.003632	4.051282
4.051282	4.098932
4.098932	4.146582
4.146582	4.194232
4.194232	4.241882
4.241882	4.289532
4.289532	4.337182
4.337182	4.384832
4.384832	4.432482
4.432482	4.480132
4.480132	4.527782
4.527782	4.575432
4.575432	4.623082
4.623082	4.670732
4.670732	4.718382
4.718382	4.766032
4.766032	4.813682
4.813682	4.861332
4.861332	4.908982
4.908982	4.956632
4.956632	5.004282
5.004282	5.051932
5.051932	5.099582
5.099582	5.147232
5.147232	5.194882
5.194882	5.242532
5.242532	5.290182
5.290182	5.337832
5.337832	5.385482
5.385482	5.433132
5.433132	5.480782
5.480782	5.528432
5.528432	5.576082
5.576082	5.623732
5.623732	5.671382
5.671382	5.719032
5.719032	5.766682
5.766682	5.814332
5.814332	5.861982
5.861982	5.909632
5.909632	5.957282
5.957282	6.004932
6.004932	6.052582
6.052582	6.100232
6.100232	6.147882
6.147882	6.195532
6.195532	6.243182
6.243182	6.290832
6.290832	6.338482
6.338482	6.386132
6.386132	6.433782
6.433782	6.481432
6.481432	6.529082
6.529082	6.576732
6.576732	6.624382
6.624382	6.672032
6.672032	6.719682
6.719682	6.767332
6.767332	6.814982
6.814982	6.862632
6.862632	6.910282
6.910282	6.957932
6.957932	7.005582
7.005582	7.053232
7.053232	7.100882
7.100882	7.148532
7.148532	7.196182
7.196182	7.243832
7.243832	7.291482
7.291482	7.339132
7.339132	7.386782
7.386782	7.434432
7.434432	7.482082
7.482082	7.529732
7.529732	7.577382
7.577382	7.625032
7.625032	7.672682
7.672682	7.720332
7.720332	7.767982
7.767982	7.815632
7.815632	7.863282
7.863282	7.910932
7.910932	7.958582
7.958582	8.006232
8.006232	8.053882
8.053882	8.149182
8.149182	8.244482
8.244482	8.339782
8.339782	8.435082
8.435082	8.530382
8.530382	8.625682
8.625682	8.720982
8.720982	8.816282
8.816282	8.911582
8.911582	9.006882
9.006882	9.102182
9.102182	9.197482
9.197482	9.292782
9.292782	9.388082
9.388082	9.483382
9.483382	9.578682
9.578682	9.673982
9.673982	9.769282
9.769282	9.864582
9.864582	9.959882
9.959882	10.055182
10.055182	10.150482
10.150482	10.245782
10.245782	10.341082
10.341082	10.436382
10.436382	10.531682
10.531682	10.626982
10.626982	10.722282
10.722282	10.817582
10.817582	10.912882
10.912882	11.008182
11.008182	11.103482
11.103482	11.198782
11.198782	11.294082
11.294082	11.389382
11.389382	11.484682
11.484682	11.579982
11.579982	11.675282
11.675282	11.770582
11.770582	11.865882
11.865882	11.961182
11.961182	12.056482
12.056482	12.151782
12.151782	12.247082
12.247082	12.342382
12.342382	12.437682
12.437682	12.532982
12.532982	12.628282
12.628282	12.723582
12.723582	12.818882
12.818882	12.914182
12.914182	13.009482
13.009482	13.104782
13.104782	13.200082
13.200082	13.295382
13.295382	13.390682
13.390682	13.485982
13.485982	13.581282
13.581282	13.676582
13.676582	13.771882
13.771882	13.867182
13.867182	13.962482
13.962482	14.057782
14.057782	14.153082
14.153082	14.248382
14.248382	14.343682
14.343682	14.438982
14.438982	14.534282
14.534282	14.629582
14.629582	14.724882
14.724882	14.820182
14.820182	14.915482
14.915482	15.010782
15.010782	15.106082
15.106082	15.201382
15.201382	15.296682
15.296682	15.391982
15.391982	15.487282
15.487282	15.582582
15.582582	15.677882
15.677882	15.773182
15.773182	15.868482
15.868482	15.963782
15.963782	16.059082
16.059082	16.154382
16.154382	16.249682
16.249682	16.344982
16.344982	16.440282
16.440282	16.535582
16.535582	16.630882
16.630882	16.726182
16.726182	16.821482
16.821482	16.916782
16.916782	17.012082
17.012082	17.107382
17.107382	17.202682
17.202682	17.297982
17.297982	17.393282
17.393282	17.488582
17.488582	17.583882
17.583882	17.679182
17.679182	17.774482
17.774482	17.869782
17.869782	17.965082
17.965082	18.060382
18.060382	18.155682
18.155682	18.250982
18.250982	18.346282
18.346282	18.441582
18.441582	18.536882
18.536882	18.632182
18.632182	18.727482
18.727482	18.822782
18.822782	18.918082
18.918082	19.013382
19.013382	19.108682
19.108682	19.203982
19.203982	19.299282
19.299282	19.394582
19.394582	19.489882
19.489882	19.585182
19.585182	19.680482
19.680482	19.775782
19.775782	19.871082
19.871082	19.966382
19.966382	20.061682
20.061682	20.156982
20.156982	20.252282
20.252282	20.347582
20.347582	20.442882
20.442882	20.538182
20.538182	20.633482
20.633482	20.728782
20.728782	20.824082
20.824082	20.919382
20.919382	21.014682
21.014682	21.109982
21.109982	21.205282
21.205282	21.300582
21.300582	21.395882
21.395882	21.491182
21.491182	21.586482
21.586482	21.681782
21.681782	21.777082
21.777082	21.872382
21.872382	21.967682
21.967682	22.062982
22.062982	22.158282
22.158282	22.253582
22.253582	22.348882
22.348882	22.444182
22.444182	22.539482
22.539482	22.634782
22.634782	22.730082
22.730082	22.825382
22.825382	22.920682
22.920682	23.015982
23.015982	23.111282
23.111282	23.206582
23.206582	23.301882
23.301882	23.397182
23.397182	23.492482
23.492482	23.587782
23.587782	23.683082
23.683082	23.778382
23.778382	23.873682
23.873682	23.968982
23.968982	24.064282
24.064282	24.159582
24.159582	24.254882
24.254882	24.350182
24.350182	24.445482
